%YAML:1.0
R: !!opencv-matrix
   rows: 3
   cols: 3
   dt: d
   data: [ 9.9730161605425338e-001, 4.5703292609601619e-002,
       5.7451681091294088e-002, -4.4827788310515655e-002,
       9.9885949433676302e-001, -1.6437152079778913e-002,
       -5.8137389094817638e-002, 1.3817366534449264e-002,
       9.9821296543938487e-001 ]
T: !!opencv-matrix
   rows: 3
   cols: 1
   dt: d
   data: [ 3.8251385480327551e+000, -1.5237170516983697e-001,
       -1.1542846608053063e-001 ]
R1: !!opencv-matrix
   rows: 3
   cols: 3
   dt: d
   data: [ 9.9959426513951499e-001, 5.4906182278217476e-003,
       2.7949207710941778e-002, -5.2855314319527223e-003,
       9.9995860307283146e-001, -7.4064362627080061e-003,
       -2.7988716613572967e-002, 7.2557047974699321e-003,
       9.9958190584374673e-001 ]
R2: !!opencv-matrix
   rows: 3
   cols: 3
   dt: d
   data: [ 9.9875364432183933e-001, -3.9784649345095374e-002,
       -3.0138673333989112e-002, 4.0004619380745898e-002,
       9.9917682402638386e-001, 6.7308808302299124e-003,
       2.9846078168609579e-002, -7.9281779140549756e-003,
       9.9952306407251867e-001 ]
P1: !!opencv-matrix
   rows: 3
   cols: 4
   dt: d
   data: [ 6.9323846753554199e+002, 0., 3.2026261901855469e+002, 0., 0.,
       6.9323846753554199e+002, 2.3986999702453613e+002, 0., 0., 0., 1.,
       0. ]
P2: !!opencv-matrix
   rows: 3
   cols: 4
   dt: d
   data: [ 6.9323846753554199e+002, 0., 3.2026261901855469e+002,
       2.6550423122109373e+003, 0., 6.9323846753554199e+002,
       2.3986999702453613e+002, 0., 0., 0., 1., 0. ]
Q: !!opencv-matrix
   rows: 4
   cols: 4
   dt: d
   data: [ 1., 0., 0., -3.2026261901855469e+002, 0., 1., 0.,
       -2.3986999702453613e+002, 0., 0., 0., 6.9323846753554199e+002, 0.,
       0., -2.6110260629265092e-001, 0. ]
