%YAML:1.0
M1: !!opencv-matrix
   rows: 3
   cols: 3
   dt: d
   data: [ 8.2195760322518493e+002, 0., 3.1950000000000000e+002, 0.,
       8.2195760322518493e+002, 2.3950000000000000e+002, 0., 0., 1. ]
D1: !!opencv-matrix
   rows: 1
   cols: 8
   dt: d
   data: [ -8.0245869402817596e-002, -2.7809751759643029e+000, 0., 0.,
       -3.6256138285539031e+001, 4.6028203498218768e-002,
       -4.8481631346981180e+000, -2.7700778903077371e+001 ]
M2: !!opencv-matrix
   rows: 3
   cols: 3
   dt: d
   data: [ 8.2195760322518493e+002, 0., 3.1950000000000000e+002, 0.,
       8.2195760322518493e+002, 2.3950000000000000e+002, 0., 0., 1. ]
D2: !!opencv-matrix
   rows: 1
   cols: 8
   dt: d
   data: [ -5.0560973521568534e-002, 5.1342268836320581e-001, 0., 0.,
       -1.9298868818377417e+000, 9.9984806336294502e-002,
       -5.9870135321479112e-001, 8.1015606202731505e-001 ]
