%YAML:1.0
CM1: !!opencv-matrix
   rows: 3
   cols: 3
   dt: d
   data: [ 1.1520985806151623e+003, 0., 6.3950000000000000e+002, 0.,
       1.1520985806151623e+003, 3.5950000000000000e+002, 0., 0., 1. ]
CM2: !!opencv-matrix
   rows: 3
   cols: 3
   dt: d
   data: [ 1.1520985806151623e+003, 0., 6.3950000000000000e+002, 0.,
       1.1520985806151623e+003, 3.5950000000000000e+002, 0., 0., 1. ]
D1: !!opencv-matrix
   rows: 8
   cols: 1
   dt: d
   data: [ 5.7689609583524348e-001, -3.5167047331666583e+000, 0., 0.,
       8.0588779217722029e-001, 7.8734767175212306e-001,
       -3.0460392644297558e+000, -7.1762782118820723e-001 ]
D2: !!opencv-matrix
   rows: 8
   cols: 1
   dt: d
   data: [ -2.5239962949768935e-001, -1.3919376935679914e-001, 0., 0.,
       1.2286136530997027e+000, 3.2962548968485866e-001,
       -1.6908414429493057e+000, 4.5888958446539485e+000 ]
R: !!opencv-matrix
   rows: 3
   cols: 3
   dt: d
   data: [ 9.9951792560927855e-001, -1.8090181303054495e-002,
       -2.5232156589310020e-002, 1.6617834420452580e-002,
       9.9821359477749450e-001, -5.7388733916740729e-002,
       2.6225254334310371e-002, 5.6941764477531458e-002,
       9.9803300120451233e-001 ]
T: !!opencv-matrix
   rows: 3
   cols: 1
   dt: d
   data: [ 1.5971534459638219e+000, 1.2867590972750986e-001,
       -3.1852539769893568e-001 ]
E: !!opencv-matrix
   rows: 3
   cols: 3
   dt: d
   data: [ 8.6677607769724292e-003, 3.2528341561062157e-001,
       1.1014303507379934e-001, -3.6025760009323216e-001,
       -8.5182553160548430e-002, -1.5859747643469901e+000,
       -1.0207264685764539e-001, 1.5966280532431156e+000,
       -8.8411843431106862e-002 ]
F: !!opencv-matrix
   rows: 3
   cols: 3
   dt: d
   data: [ -6.0522724160379822e-008, -2.2712946219339873e-006,
       -3.0815305915977272e-005, 2.5155022061809805e-006,
       5.9478800821421910e-007, 1.0935946807511122e-002,
       -4.4491313813087208e-005, -1.1605470939675759e-002, 1. ]
R1: !!opencv-matrix
   rows: 3
   cols: 3
   dt: d
   data: [ 9.7336504245538513e-001, 4.9835816711436734e-002,
       -2.2377865291070587e-001, -5.5920496509641954e-002,
       9.9821578085234919e-001, -2.0932102795710568e-002,
       2.2233621431503503e-001, 3.2888390505452822e-002,
       9.7441518952344930e-001 ]
R2: !!opencv-matrix
   rows: 3
   cols: 3
   dt: d
   data: [ 9.7764068714748575e-001, 7.8764382422514101e-002,
       -1.9497399543372840e-001, -7.3423281030061766e-002,
       9.9670455229420141e-001, 3.4482709272856904e-002,
       1.9704747812791754e-001, -1.9396069127938176e-002,
       9.8020206277369781e-001 ]
P1: !!opencv-matrix
   rows: 3
   cols: 4
   dt: d
   data: [ 1.0339716403385005e+003, 0., 1.3922241325378418e+003, 0., 0.,
       1.0339716403385005e+003, 2.9351399230957031e+002, 0., 0., 0., 1.,
       0. ]
P2: !!opencv-matrix
   rows: 3
   cols: 4
   dt: d
   data: [ 1.0339716403385005e+003, 0., 1.3922241325378418e+003,
       1.6891802787115089e+003, 0., 1.0339716403385005e+003,
       2.9351399230957031e+002, 0., 0., 0., 1., 0. ]
Q: !!opencv-matrix
   rows: 4
   cols: 4
   dt: d
   data: [ 1., 0., 0., -1.3922241325378418e+003, 0., 1., 0.,
       -2.9351399230957031e+002, 0., 0., 0., 1.0339716403385005e+003, 0.,
       0., -6.1211443998576909e-001, 0. ]
