%YAML:1.0
ROI1: [ 73, 35, 541, 402 ]
ROI2: [ 33, 55, 529, 387 ]
